49.363	0
101.513	282
101.679	2896
153.160	8688
205.712	16880
205.882	17376
256.657	25568
256.838	27512
306.758	33304
306.994	34752
308.510	37648
356.684	40544
356.824	44888
358.365	49232
407.568	57424
407.619	59368
409.232	60816
457.957	66608
458.187	69504
458.212	70952
497.435	72400
508.638	78192
508.998	79640
515.864	81088
516.520	82536
549.351	83984
559.499	85432
560.004	86880
560.215	89776
560.255	91224
566.111	94120
599.071	95568
599.474	97016
610.508	104256
616.535	108600
651.833	111496
662.011	118736
666.345	121632
666.598	123080
702.731	125976
711.833	127424
713.757	130320
713.776	133216
716.438	136112
753.985	139008
761.995	141904
763.602	149144
767.077	152040
804.187	154936
812.227	157832
814.432	165072
817.182	167968
856.367	170864
862.226	173760
864.464	179849
