49.189	0
100.719	282
100.885	2896
152.170	5792
152.394	8688
207.105	11584
207.147	13032
207.840	15928
207.863	17376
257.377	20272
257.413	21720
258.225	24616
258.851	27512
306.507	28960
308.187	31856
308.214	34752
309.956	37648
359.176	41992
359.516	49232
408.642	52128
410.529	60320
410.559	60816
458.636	62264
459.372	63712
461.041	66608
461.076	72400
510.002	79640
510.929	82536
510.960	85432
560.223	92672
560.431	95568
562.369	98464
610.907	104256
614.246	111496
614.876	112944
660.742	115840
660.789	117288
661.577	118736
664.432	121632
664.468	127424
710.914	133216
715.042	141408
715.085	141904
761.020	149144
764.935	152040
764.969	154936
768.676	157832
811.850	160728
816.289	168920
816.323	170864
818.639	173760
861.632	176656
865.772	179552
865.813	179849
