49.055	0
101.341	282
101.491	2896
152.775	8688
204.869	14480
205.601	18824
255.288	24616
256.718	26064
262.563	30408
305.900	34752
312.532	39096
312.575	41992
356.333	44888
357.360	46336
364.648	54528
364.686	55024
406.286	56472
406.713	57920
415.853	59368
417.518	67560
417.695	68056
560.246	69504
560.517	70952
712.515	73848
762.635	75296
762.702	76744
812.823	78192
812.876	79640
862.546	86880
862.813	88328
913.150	92672
963.616	94120
965.218	99912
1014.346	104256
1017.233	107152
1064.313	110048
1064.551	112944
1067.453	115840
1116.932	121632
1117.171	123080
1118.177	124528
1168.111	132720
1168.199	133216
1207.430	134664
1218.130	141904
1255.207	143352
1268.709	146248
1269.901	147696
1269.936	150592
1306.708	152040
1307.415	153488
1318.829	157832
1320.396	162176
1357.743	165072
1369.520	169416
1371.952	172312
1372.964	173760
1408.675	176656
1419.233	179849
