49.251	0
101.075	282
101.236	1448
102.334	2896
151.821	4344
152.284	5792
152.994	8688
202.696	10136
204.599	13032
205.598	17376
252.244	18824
255.800	21720
256.840	23168
257.240	26064
257.258	27512
302.623	28960
305.977	30408
306.212	31856
308.071	37648
357.992	41992
359.225	47784
359.852	49232
408.028	50680
409.006	53576
410.020	59368
451.721	60816
458.805	63712
459.577	66608
460.411	68056
460.831	69504
461.870	70952
509.832	79144
509.908	79640
510.665	82536
548.557	83984
560.522	92176
560.582	95568
611.390	98464
612.007	101360
614.135	108600
663.083	115840
665.008	121632
665.620	123080
713.617	130320
715.342	136112
752.774	137560
765.411	140456
765.956	143352
767.149	150592
817.354	157832
820.105	159280
820.929	166520
867.209	173760
871.263	176656
872.348	179849
