49.602	0
102.572	282
102.734	2896
153.887	4344
154.247	5792
154.521	8688
207.375	16880
207.435	17376
257.574	18824
258.339	23168
258.373	26064
259.013	27512
308.752	35704
308.818	37648
361.022	45840
361.076	49232
411.737	57424
411.806	57920
413.469	60816
462.374	62264
464.166	70456
464.210	73848
513.235	76744
514.827	78192
515.436	79640
516.319	82536
516.349	86880
563.228	89776
566.756	97968
566.810	99912
613.593	102808
617.487	104256
617.786	111496
663.403	117288
669.477	125480
669.521	125976
713.604	130320
715.065	131768
719.541	133216
719.817	136112
719.835	137560
730.117	139008
730.326	140456
763.678	144800
765.699	147696
769.929	152040
780.247	154936
813.478	160728
816.624	163624
820.385	167968
830.399	170864
863.869	176656
866.214	179849
