49.190	0
100.544	282
100.706	1448
101.276	2896
152.626	4344
152.952	8688
205.810	11584
206.928	19776
206.969	20272
255.865	26064
258.706	34256
258.741	42448
258.766	43440
304.666	44888
306.530	53080
306.575	53576
309.367	60816
310.103	69008
310.143	70952
311.267	73848
312.477	75296
356.948	78192
357.302	85432
358.405	86880
358.727	88328
360.899	91224
360.967	98464
361.883	106656
361.988	112944
362.361	115840
362.505	118736
363.823	121632
363.860	124528
405.778	125976
408.252	128872
408.325	130320
408.865	133216
408.894	137560
408.920	141904
408.945	143352
411.113	144800
414.246	147696
414.283	155888
414.306	164080
414.321	166520
415.891	169416
415.911	172312
416.207	175208
416.239	179849
