49.331	0
167.516	282
167.695	2896
218.805	8688
268.829	10136
270.407	13032
270.440	17376
373.184	25568
373.283	27512
422.503	30408
424.125	31856
424.407	34752
424.427	37648
473.257	41992
475.054	47784
588.332	49232
588.642	57424
588.677	59368
639.826	66608
689.239	70952
689.305	73848
690.871	75296
691.524	78192
733.485	79640
739.318	83984
739.923	86880
741.904	91224
789.293	99416
789.362	99912
792.295	104256
792.532	105704
837.903	107152
839.187	111496
843.156	118736
879.244	120184
890.046	125976
894.503	133216
1006.317	134664
1007.356	142856
1007.399	147696
1058.628	149144
1059.621	157336
1059.663	163624
1456.315	165072
1506.396	167968
1620.150	173760
1670.319	179849
