49.491	0
807.086	282
807.662	1448
856.769	4344
906.566	5792
908.743	10136
956.714	13032
959.135	14480
960.491	15928
960.514	21720
1007.206	27512
1009.904	30408
1010.718	33304
1010.742	34752
1011.092	36200
1060.985	37648
1110.896	39096
1111.114	40544
1162.607	43440
1162.654	46336
1212.944	47784
1213.662	50680
1213.693	56472
1267.734	57920
1269.366	59368
1269.786	67560
1269.823	68056
1317.935	69504
1320.187	70952
1320.745	79144
1320.775	79640
1372.187	87832
1372.251	88328
1372.401	89776
1424.533	94120
1425.141	101360
1460.521	102808
1474.823	110048
1510.840	111496
1511.095	115840
1525.498	121632
1562.246	127424
1576.133	130320
1576.904	133216
1576.941	136112
1611.999	140456
1612.230	141904
1627.747	150096
1627.818	150592
1662.767	154936
1677.686	162176
1678.922	165072
1712.614	167968
1728.460	175208
1728.749	179849
