49.345	0
101.276	282
101.441	2896
151.168	4344
153.304	7240
153.332	8688
202.222	11584
203.619	17376
252.325	20272
254.484	27512
302.183	30408
305.407	33304
306.007	36200
343.195	37648
343.501	39096
352.155	40544
352.464	41992
355.158	44888
356.371	47784
393.441	50680
402.440	52128
402.807	53576
405.668	59368
443.000	60816
443.850	62264
452.290	63712
452.924	66608
455.561	70952
493.190	73848
501.745	79640
505.257	82536
505.296	83984
542.522	86880
552.438	92672
555.165	95568
556.124	97016
592.199	99912
602.502	107152
605.158	110048
641.597	111496
641.896	112944
652.713	118736
655.475	121632
655.509	124528
692.177	127424
702.252	128872
702.630	133216
704.035	134664
705.422	137560
705.479	140456
742.177	143352
752.406	147696
756.564	150592
756.971	153488
756.999	156384
792.713	157832
793.045	159280
802.285	162176
808.404	167968
809.457	170864
809.494	173760
844.266	176656
852.195	179849
