20.886	0
231.817	511
231.827	554
231.988	3093
323.851	4541
326.612	8885
409.723	10333
411.577	13229
414.360	16125
416.955	17573
418.475	20469
504.431	26261
506.757	27709
507.026	29157
508.531	30605
510.122	32053
512.671	33501
526.121	40741
527.837	43637
596.159	45085
599.035	47981
602.157	50877
605.542	52325
605.894	55221
606.870	58117
608.086	59565
609.221	61013
620.453	69205
620.511	71149
627.079	74045
627.126	79837
630.098	82733
651.796	85629
697.347	89973
699.474	92869
699.521	94317
702.692	95765
703.400	97213
705.235	98661
706.502	100109
707.157	101557
708.163	103005
712.870	108797
718.773	114589
719.706	116037
721.709	118933
726.646	121829
726.747	123277
730.724	125887
