118.561	0
171.743	282
171.991	2896
223.090	5792
223.212	8688
324.002	16880
324.145	17376
375.135	18824
375.688	23168
376.582	26064
376.662	27512
425.299	30408
427.027	37648
528.977	43440
529.046	46336
529.061	47784
576.238	49232
579.751	50680
579.954	53576
579.994	57920
618.381	59368
630.195	65160
733.909	66608
734.420	74800
734.484	78192
786.434	85432
838.067	93624
838.160	97016
948.349	99912
948.526	108104
948.599	111496
998.991	114392
999.077	121632
999.543	124528
999.582	125976
1143.276	131768
1143.459	134664
1143.489	140456
1194.455	141904
1194.551	150096
1194.606	156384
1246.060	164576
1246.144	167968
1246.516	170864
1246.573	172312
1348.061	179849
